tree
version=v3
num_class=1
num_tree_per_iteration=1
label_index=0
max_feature_idx=11
objective=regression
feature_names=passenger_count pickup_longitude pickup_latitude dropoff_longitude dropoff_latitude pickup_day pickup_month pickup_hour pickup_min pickup_weekday vendor_id_2 store_and_fwd_flag_Y
feature_infos=[-1.2664389177859448:3.2998653453847631] [-48.72519103895582:100.32087745239048] [-187.41567943415927:17.636157326736591] [-48.87777692520865:100.63177487213802] [-234.09131518896729:15.515202536376306] -1:0:1 -1:0:1 -1:0:1 -1:0:1 -1:0:1 -1:0 none
tree_sizes=1635 2116 1272 1735 1954 2505 2386 2779 2403 2395 1768 2269 1848 1226 1930 1012 2164 947 1099 1841 431 622 2203 830 628 1943 434 453 1180 1362 1004 625 436 711 429 429 356 432 436 453 435 354 336 725 337 450 337 335 620

Tree=0
num_leaves=17
num_cat=4
split_feature=1 4 2 4 2 4 7 4 2 2 2 9 2 7 4 9
split_gain=14272.7 7581.48 1507.12 2390.29 2859.57 1373.56 1173.57 1102.3 4787.37 1406.06 878.537 430.911 310.455 256.764 141.298 80.3692
threshold=0.89775741697222078 -1.2808210447254618 -1.100574470036094 -0.77247104579761783 -0.43532722758893788 1.4726980363711264 0 0.62348576617990381 0.40194426174847236 0.87302786696232093 -0.62878051005176994 1 0.72077516118078988 2 0.43146095617295549 3
decision_type=2 2 2 2 2 2 9 2 2 2 2 9 2 9 2 9
left_child=1 -1 -3 4 -4 6 7 9 -9 11 -8 -5 -10 15 -15 -12
right_child=-2 2 3 5 -6 -7 10 8 12 -11 13 -13 -14 14 -16 -17
leaf_value=6.6468882399630784 6.7309229476105834 6.5395282029197981 6.410591430383576 6.391124725314965 6.6175296536605819 6.5389461801814335 6.466657622495056 6.56824814528236 6.3755190751208373 6.5487529264638997 6.4123209283567366 6.4456256289932288 6.299253004745478 6.3470957810614186 6.3956168701409677 6.3767910418107574
leaf_weight=15278 15760 11657 9932 13958 12255 8459 10648 8927 7802 10465 19563 101744 16618 23681 8974 10773
leaf_count=15278 15760 11657 9932 13958 12255 8459 10648 8927 7802 10465 19563 101744 16618 23681 8974 10773
internal_value=6.46442 6.4497 6.43867 6.43414 6.52435 6.42579 6.4216 6.43567 6.38897 6.44815 6.39137 6.43889 6.32275 6.37843 6.35984 6.39908
internal_weight=0 290734 275456 263799 22187 241612 233153 159514 33347 126167 73639 115702 24420 62991 32655 30336
internal_count=306494 290734 275456 263799 22187 241612 233153 159514 33347 126167 73639 115702 24420 62991 32655 30336
cat_boundaries=0 1 2 3 4
cat_threshold=1 2 2 1
is_linear=0
shrinkage=1


Tree=1
num_leaves=21
num_cat=2
split_feature=1 4 1 4 4 2 2 7 2 2 4 4 2 4 2 2 4 7 4 4
split_gain=7485.83 4444.85 703.558 4344.25 1882.16 5904.23 1091.53 745.253 602.452 589.531 546.383 438.114 343.289 340.873 1612.39 1444.81 421.671 202.2 107.952 208.628
threshold=1.230169238305417 -1.5195236164707133 0.032444192543782079 0.29497017966215339 0.38728378881366837 0.2590445604431979 0.58343990557682102 0 -0.22754845725707121 0.59433201205575636 -0.023230455043053055 -0.86228406057021378 -0.77191699628027888 -0.74163038179195151 -0.8678148902798225 -0.58580404644477613 -0.09470577770428705 1 0.46344772593529082 0.93355946915384147
decision_type=2 2 2 2 2 2 2 9 2 2 2 2 2 2 2 2 2 9 2 2
left_child=1 -1 4 10 6 8 7 13 -6 -7 -4 -9 -13 15 -15 -3 -16 -14 -5 -20
right_child=-2 2 3 18 5 9 -8 11 -10 -11 -12 12 17 14 16 -17 -18 -19 19 -21
leaf_value=0.16008809099768084 0.20319225344057637 -0.067413895766211651 0.083719988328884429 -0.065869064618656784 0.20012434947509952 -0.0074153943164040042 0.080022852343523118 0.0039904287841943161 0.1019560164932132 -0.098567575896816084 0.0026434853265201413 -0.011460281832017086 -0.055832540068641849 0.094714134336160744 -0.060289700393756411 0.10110413688784631 -0.015473107638699357 -0.1014665232492452 -0.12432389463816983 -0.073839243337539912
leaf_weight=12101 14243 7794 14858 9597 9771 11166 7776 7762 13811 13407 13590 7885 17998 8571 34045 9005 38156 19372 22303 13059
leaf_count=12101 14243 7794 14858 9597 9771 11166 7776 7762 13811 13407 13590 7885 17998 8571 34045 9005 38156 19372 22303 13059
internal_value=0 -0.01045 -0.0179064 -0.0421962 -0.0091931 0.0405804 -0.0244288 -0.0299478 0.143646 -0.0578521 0.0455814 -0.0575424 -0.0684058 -0.01478 -0.0226398 0.0221023 -0.0368375 -0.0799984 -0.0980449 -0.106244
internal_weight=0 292027 279926 73407 206519 48155 158364 150588 23582 24573 28448 53017 45255 97571 80772 16799 72201 37370 44959 35362
internal_count=306270 292027 279926 73407 206519 48155 158364 150588 23582 24573 28448 53017 45255 97571 80772 16799 72201 37370 44959 35362
cat_boundaries=0 1 2
cat_threshold=1 2
is_linear=0
shrinkage=0.288339


Tree=2
num_leaves=12
num_cat=1
split_feature=1 4 4 4 2 2 2 2 4 9 4
split_gain=3744.95 2267.49 587.4 536.22 3179.01 1885.47 541.488 303.389 302.876 282.285 133.428
threshold=1.230169238305417 -1.7573405610398409 1.4726980363711264 -0.70276697748785544 -0.28804700519996429 -0.91315920312136756 -0.79677941324328694 -0.64209966199623059 -0.54877204032539584 0 0.62348576617990381
decision_type=2 2 2 2 2 2 2 2 2 9 2
left_child=1 -1 3 4 6 -5 -3 -7 -9 -10 -11
right_child=-2 2 -4 5 -6 7 -8 8 9 10 -12
leaf_value=0.1371948627576326 0.14464860769352128 -0.088750448813623595 0.061680822025632548 0.085345828395554005 0.12044900567373824 0.014176304069616204 0 0.02144830573039622 -0.060276765248000651 -0.02201817122923631 -0.041731710449439033
leaf_weight=8705 14114 12703 8675 13400 15123 14391 10927 9289 24492 134570 39580
leaf_count=8705 14114 12703 8675 13400 15123 14391 10927 9289 24492 134570 39580
internal_value=0 -0.00711769 -0.0116334 -0.014016 0.0172006 -0.0192123 -0.0484067 -0.0256005 -0.0284261 -0.0308366 -0.0265942
internal_weight=0 291855 283150 274475 38753 235722 23630 222322 207931 198642 174150
internal_count=305969 291855 283150 274475 38753 235722 23630 222322 207931 198642 174150
cat_boundaries=0 1
cat_threshold=2
is_linear=0
shrinkage=0.288339


Tree=3
num_leaves=17
num_cat=0
split_feature=3 1 1 4 2 2 2 4 2 4 2 2 4 2 2 2
split_gain=3937.04 5005.2 4295.27 469.59 2190.77 639.231 158.963 147.921 220.375 159.655 3842.74 2154.16 899.213 364.45 249.334 215.111
threshold=0.51850353783499414 0.6345289540347262 0.10911451712204187 -0.97877008205034222 -0.92760308345212972 -1.1238977849964231 -0.16977293593391199 1.2884354880816746 1.2323489883054639 0.38728378881366837 0.20221617881385909 0.53430703395988377 0.15524946874537274 0.30533601297867358 0.49452716681931352 -0.06688988669277314
decision_type=2 2 2 2 2 2 2 2 2 2 2 2 2 2 2 2
left_child=1 3 -2 4 -1 -5 -6 8 9 11 15 13 -13 -7 -12 -11
right_child=2 -3 -4 5 6 7 -8 -9 -10 10 14 12 -14 -15 -16 -17
leaf_value=-0.10182135022742718 0.24622310033777775 0.17242700887262452 -0.033428027314903616 0.058055435104987958 0.052242760494756159 -0.040063509421684428 0.11567436019700629 0.0093308610721819386 0.021945299642283252 0.11058137812797494 -0.049587490250250776 0.11994136503625116 0.001070612567092479 0.00044975520234994461 -0.097675871853519794 0.04076423171186952
leaf_weight=7750 10781 12163 7726 8325 8138 119462 7710 10911 7978 8895 15194 11226 10429 21002 30347 7878
leaf_count=7750 10781 12163 7726 8325 8138 119462 7710 10911 7978 8895 15194 11226 10429 21002 30347 7878
internal_value=0 -0.00802309 0.128972 -0.0160853 0.0224808 -0.0197636 0.0843282 -0.022499 -0.0240574 -0.0257623 -0.0384484 -0.0207848 0.0635185 -0.0339058 -0.0820345 0.0789081
internal_weight=0 287408 18507 275245 23598 251647 15848 243322 232411 224433 62314 162119 21655 140464 45541 16773
internal_count=305915 287408 18507 275245 23598 251647 15848 243322 232411 224433 62314 162119 21655 140464 45541 16773
is_linear=0
shrinkage=0.288339


Tree=4
num_leaves=19
num_cat=1
split_feature=3 1 1 4 2 2 4 2 4 2 9 4 2 4 4 2 1 3
split_gain=2002.93 2564.41 1945.78 263.365 1630.16 812.442 2378.52 296.399 281.681 260.042 200.95 167.313 161.842 2004.9 223.847 97.6649 30.972 271.135
threshold=0.57677926072387209 0.89775741697222078 0.065045665541250228 -0.7151657579496119 -0.52802852512172704 -0.6673764525748439 -0.31621676309494268 -0.03089857832748483 0.034074832804952888 -1.0385960163216064 0 -0.53397685691736518 -0.3229727814094841 -0.1301308647375998 -0.29819164528103054 0.013972164667149914 -0.1832562508929548 -0.069387278389992521
decision_type=2 2 2 2 2 2 2 2 2 2 9 2 2 2 2 2 2 2
left_child=1 3 -2 4 9 6 -5 -6 -8 -1 16 -12 13 -13 -14 -16 -7 -18
right_child=2 -3 -4 5 7 10 8 -9 -10 -11 11 12 14 -15 15 -17 17 -19
leaf_value=-0.084281187787837233 0.18020261264085116 0.12528167517179922 -0.011359158479890882 -0.082563663120712005 0.028542231988914823 -0.025431599555345134 0.054058531584685245 0.10029289639424388 0.13410127014673751 -0.017374727571416986 0.019275107009898044 -0.10397533461802282 0.014218640744315695 0.084898997538125229 -0.0099462052610394761 -0.029699389821857092 -0.0092482007841540072 -0.082685910956625433
leaf_weight=8862 9756 11882 7747 9336 9848 7737 7732 10938 8976 12147 9351 7981 12099 11070 28477 113816 7746 10496
leaf_count=8862 9756 11882 7747 9336 9848 7737 7732 10938 8976 12147 9351 7981 12099 11070 28477 113816 7746 10496
internal_value=0 -0.00544431 0.0948455 -0.0111378 0.00973243 -0.0149154 0.0328377 0.0671704 0.0982455 -0.0464411 -0.0209492 -0.0174364 -0.0195048 0.00494182 -0.0226154 -0.0258533 -0.0450151 -0.0524227
internal_weight=0 288494 17503 276612 41795 234817 26044 20786 16708 21009 208773 182794 173443 19051 154392 142293 25979 18242
internal_count=305997 288494 17503 276612 41795 234817 26044 20786 16708 21009 208773 182794 173443 19051 154392 142293 25979 18242
cat_boundaries=0 1
cat_threshold=2
is_linear=0
shrinkage=0.288339


Tree=5
num_leaves=25
num_cat=2
split_feature=3 1 1 3 9 4 2 2 2 4 4 2 2 4 2 4 4 2 2 2 4 9 1 2
split_gain=1099.92 3254.12 1502.58 209.876 173.037 141.12 1240.91 1133.3 207.651 1264.08 446.59 888.303 252.09 226.323 173.298 59.8357 81.9593 1517.82 814.066 80.342 53.4566 52.3845 26.7239 13.7547
threshold=0.3732420295569811 0.30282792063043035 0.49706256861961812 0.92044441283487166 0 0.3966610177343482 0.14550618964646841 0.71805213456094574 0.28816910602817752 -0.0062472515534560792 0.092526226410015996 -0.011482214604385617 0.12289322945639429 -0.75673813949752888 0.44941963890111342 -1.0164873805974779 -0.15763740290454561 0.083468539701227293 -0.30651622922946359 0.013972164667149914 -0.63045812336691698 1 0.0063819684906617933 0.65175235599351244
decision_type=2 2 2 2 9 2 2 2 2 2 2 2 2 2 2 2 2 2 2 2 2 9 2 2
left_child=2 3 4 -2 5 7 -7 8 10 -10 12 -12 13 -1 -8 -6 17 20 -18 -20 -17 -21 -16 -23
right_child=1 -3 -4 -5 15 6 14 -9 9 -11 11 -13 -14 -15 22 16 18 -19 19 21 -22 23 -24 -25
leaf_value=-0.0027331412292208343 0.092853779527209468 -0.097765532823659948 0.09483778179006544 0.16298585718979153 0.0040796072602608761 0.07408057834648038 -0.0076405772807584737 0.095942257800225542 0.097090872710836787 -0.045175185034620112 0.079692175304843252 -0.046293846284611091 0.02363327645806701 -0.041904840120685828 -0.036753432070533019 -0.047874944977404188 0.057909388428748501 0.075563913991777309 -0.0040303207634879781 -0.049639631653857742 -0.08374058579624126 -0.031743300846932762 -0.06364180603315106 -0.016133149624074597
leaf_weight=18452 10178 7721 11937 7850 7983 9503 9351 9701 9431 11277 10903 7888 7855 42099 8135 8299 10702 7747 10681 13740 14274 20347 16944 12898
leaf_count=18452 10178 7721 11937 7850 7983 9503 9351 9701 9431 11277 10903 7888 7855 42099 8135 8299 10702 7747 10681 13740 14274 20347 16944 12898
internal_value=0 0.0573111 -0.00489169 0.124628 -0.00940423 -0.003341 -0.0173039 0.00175863 -0.00662385 0.0190159 -0.012887 0.0260625 -0.0238104 -0.0302202 -0.0430298 -0.0184441 -0.0204134 -0.0332652 -0.014479 -0.0282092 -0.0713534 -0.0333872 -0.0556019 -0.0261599
internal_weight=0 25749 280147 18028 268210 161539 43933 117606 107905 20708 87197 18791 68406 60551 34430 106671 98688 30320 68368 57666 22573 46985 25079 33245
internal_count=305896 25749 280147 18028 268210 161539 43933 117606 107905 20708 87197 18791 68406 60551 34430 106671 98688 30320 68368 57666 22573 46985 25079 33245
cat_boundaries=0 1 2
cat_threshold=1 2
is_linear=0
shrinkage=0.288339


Tree=6
num_leaves=24
num_cat=4
split_feature=7 3 1 3 1 7 9 4 1 3 3 1 1 3 1 3 3 9 1 3 4 1 4
split_gain=1254.34 472.186 1215.91 367.923 598.717 190.374 137.309 112.299 449.198 1192.75 735.494 312.914 209.248 137.293 167.438 1087.16 222.745 86.2144 82.1036 335.841 64.5235 57.9403 8.57058
threshold=0 0.24423688117117023 0.12541525362095249 0.57677926072387209 0.6345289540347262 1 2 0.3966610177343482 -0.036833937575749459 0.041270048596640199 0.037182192015692693 0.13565059979448793 0.094045813033272363 0.053913884068490653 -0.031337177593706467 -0.12176888248765869 -0.038966020111856098 3 0.076797359296151543 -0.018526737206233188 -0.46312668285073971 -0.11483106628762713 -0.29819164528103054
decision_type=9 2 2 2 2 9 9 2 2 2 2 2 2 2 2 2 2 9 2 2 2 2 2
left_child=3 5 -3 4 6 17 -1 11 9 -9 -10 13 -12 14 16 -16 -8 20 19 22 -2 -22 -7
right_child=1 2 -4 -5 -6 18 7 8 10 -11 12 -13 -14 -15 15 -17 -18 -19 -20 -21 21 -23 -24
leaf_value=-0.014031019732060453 0.0092765437482902509 0.065575515666558976 -0.077395384360908731 0.070045665970041152 0.084881779801515359 -0.058967636985382231 -0.0052133398425402043 -0.037530353259654405 0.052709022211618509 0.10986483135662413 -0.0090385176484482771 0.059745977296779981 -0.069160992858918691 0.046187336651544016 0.10356981153870001 -0.044209981032380406 0.042418649848705386 -0.039503175156765574 -0.01974988349819284 -0.0014641198827831934 -0.0028833283227263865 -0.037685447808571131 -0.080539078127875585
leaf_weight=22887 8287 13233 7773 8970 8488 11903 68358 9152 7731 8822 7940 11520 15142 7806 8562 7751 9202 14345 7717 7766 9217 8589 14653
leaf_count=22887 8287 13233 7773 8970 8488 11903 68358 9152 7731 8822 7940 11520 15142 7806 8562 7751 9202 14345 7717 7766 9217 8589 14653
internal_value=0 -0.0261378 0.0119168 0.012879 0.0101316 -0.0360062 0.00659527 0.00960265 -0.00169811 0.0341396 -0.0230958 0.0145987 -0.0491794 0.0093097 0.00606212 0.0325681 0.000280576 -0.021204 -0.0498517 -0.0561542 -0.0105249 -0.0205478 -0.0715667
internal_weight=0 103483 21006 202331 193361 82477 184873 161986 48787 17974 30813 113199 23082 101679 93873 16313 77560 40438 42039 34322 26093 17806 26556
internal_count=305814 103483 21006 202331 193361 82477 184873 161986 48787 17974 30813 113199 23082 101679 93873 16313 77560 40438 42039 34322 26093 17806 26556
cat_boundaries=0 1 2 3 4
cat_threshold=1 2 2 1
is_linear=0
shrinkage=0.288339


Tree=7
num_leaves=28
num_cat=0
split_feature=3 1 1 1 3 3 1 3 1 3 3 2 4 4 4 1 1 4 4 3 3 3 3 3 1 1 4
split_gain=362.889 1529.17 546.943 106.602 3422.51 2237.28 705.531 624.584 481.312 350.636 173.41 160.625 1091.92 1068.23 201.774 156.597 138.288 119.88 95.3053 80.9839 74.9389 74.6644 48.4884 32.4707 1509.01 1135.32 17.9835
threshold=0.35774620112137828 0.32614176469257322 0.38442637484793052 -0.2033478563447946 -0.19078711220626923 -0.20533227632050322 -0.10848136079120375 -0.050944390558960856 -0.30437451394750209 -0.32426038290159281 -0.24402431419291945 0.40194426174847236 0.23683136035444299 0.68495871132604358 0.1355572880122459 1.0000000180025095e-35 -0.26817171544449969 -0.64645150824823017 -0.58951089041370552 -0.13859564097275287 0.80655482715609839 0.025679153729006737 -0.32929890380390914 0.090229261137838954 0.0985948557769286 0.048555385594768193 -0.70276697748785544
decision_type=2 2 2 2 2 2 2 2 2 2 2 2 2 2 2 2 2 2 2 2 2 2 2 2 2 2 2
left_child=2 20 3 4 10 6 9 8 -6 -5 16 13 -13 14 17 21 22 -7 -8 -19 -2 -16 26 24 -14 -25 -1
right_child=1 -3 -4 5 7 11 18 -9 -10 -11 -12 12 23 -15 15 -17 -18 19 -20 -21 -22 -23 -24 25 -26 -27 -28
leaf_value=-0.068301763657761319 0.055127039043854971 -0.075125695097166614 0.054152080912883649 0.050836306426508188 0.076110827184704827 -0.030691092944259986 0.051215714140369364 0.10193172448995756 -0.004842611797653976 -0.03076288428988401 -0.018048343092327796 0.049391571709109468 -0.083930926822850443 0.05682805428146416 -0.031133905521915011 -0.064177862807034566 -0.032419194389405027 -0.045447228548675674 0.096493205835391116 -0.08618466488291264 0.097686376551282372 0.0053281608726103488 -0.051869110181509005 0.046639961806812555 0.059905199790687355 -0.082153952327799554 -0.10143063711130654
leaf_weight=7989 10541 7756 13059 7749 10543 7763 7802 18129 13664 9797 10633 15470 15614 8508 9797 8133 10786 7704 15369 19566 8776 7764 8536 7784 9732 19747 7909
leaf_count=7989 10541 7756 13059 7749 10543 7763 7802 18129 13664 9797 10633 15470 15614 8508 9797 8133 10786 7704 15369 19566 8776 7764 8536 7784 9732 19747 7909
internal_value=0 0.0317096 -0.00321506 -0.00609193 0.0019712 -0.0101602 0.0490379 0.0611987 0.0299224 0.00450608 -0.0524079 -0.0277982 -0.0174607 -0.0377711 -0.0513049 -0.030714 -0.0623242 -0.0659175 0.0820399 -0.0753286 0.075449 -0.014232 -0.074825 -0.0373256 -0.0281242 -0.0451945 -0.0860057
internal_weight=0 27073 279547 266488 88189 178299 40717 42336 24207 17546 45853 137582 68347 69235 60727 25694 35220 35033 23171 27270 19317 17561 24434 52877 25346 27531 15898
internal_count=306620 27073 279547 266488 88189 178299 40717 42336 24207 17546 45853 137582 68347 69235 60727 25694 35220 35033 23171 27270 19317 17561 24434 52877 25346 27531 15898
is_linear=0
shrinkage=0.288339


Tree=8
num_leaves=24
num_cat=3
split_feature=7 3 1 7 3 1 9 3 1 1 1 2 4 4 4 2 2 4 4 2 4 4 2
split_gain=693.964 160.217 183.772 122.323 99.0624 211.705 79.4959 75.015 1434.19 876.63 103.517 91.7893 712.182 284.553 90.979 421.88 57.4654 208.412 177.999 52.2481 42.8947 47.4124 37.8665
threshold=0 0.30878698858009102 -0.023281581068081019 1 0.35774620112137828 0.35409942322237875 2 0.015792244788789472 -0.056072597513208859 0.094045813033272363 -0.013425321789864964 -0.64209966199623059 -0.40894713797635845 -0.57711210995204609 0.77070826023315064 0.69472881960050625 -0.25608104053341302 -0.23265523426940202 -0.09470577770428705 0.45711514891329447 0.29497017966215339 -0.57711210995204609 -0.22754845725707121
decision_type=9 2 2 9 2 2 9 2 2 2 2 2 2 2 2 2 2 2 2 2 2 2 2
left_child=4 3 -3 19 5 6 -1 9 -9 10 11 12 -8 -13 15 -10 17 -5 -18 20 21 -2 -23
right_child=1 2 -4 16 -6 -7 7 8 14 -11 -12 13 -14 -15 -16 -17 18 -19 -20 -21 -22 22 -24
leaf_value=-0.010040782397055728 0.0017677236186357337 0.037933948383041989 -0.022938188896600598 -0.046936245060402823 0.034104619764669344 0.050277725721153237 -0.02978553105089151 0.072550336745629093 -0.077201318024779003 0.085235474079254664 0.026741214761424058 0.032425043704256001 0.083081478353071794 -0.014850905228789331 -0.010789398425696763 0.0048103091360715182 -0.0054477487046681984 0.013177140406802977 -0.059897391161942856 -0.032485486218592943 0.010962325717869273 -0.0051965297751437886 -0.035648856456045409
leaf_weight=22264 9983 8067 8091 10979 13438 9424 10849 14607 13950 12114 13266 12959 7923 54556 9311 7791 7752 7921 18036 8914 7832 7717 8617
leaf_count=22264 9983 8067 8091 10979 13438 9424 10849 14607 13950 12114 13266 12959 7923 54556 9311 7791 7752 7921 18036 8914 7832 7717 8617
internal_value=0 -0.019082 0.00659163 -0.0239748 0.00989763 0.0080901 0.00578 0.00811346 -0.00145278 0.0121527 0.00306895 -0.000419578 0.017199 -0.00554256 -0.0368003 -0.0472184 -0.0347242 -0.0210203 -0.044138 -0.0124526 -0.00675418 -0.0125862 -0.0222127
internal_weight=0 103909 16158 87751 202452 189014 179590 157326 45659 111667 99553 86287 18772 67515 31052 21741 44688 18900 25788 43063 34149 26317 16334
internal_count=306361 103909 16158 87751 202452 189014 179590 157326 45659 111667 99553 86287 18772 67515 31052 21741 44688 18900 25788 43063 34149 26317 16334
cat_boundaries=0 1 2 3
cat_threshold=1 2 2
is_linear=0
shrinkage=0.288339


Tree=9
num_leaves=24
num_cat=2
split_feature=7 3 1 1 7 3 2 4 3 1 1 1 1 4 3 1 3 3 1 2 4 1 4
split_gain=392.862 84.4516 574.117 180.898 82.7565 72.6347 101.406 185.475 60.1519 1295.67 1049.91 115.267 113.29 94.012 93.7999 85.6501 81.3124 80.4858 80.0716 38.4421 83.9295 29.0688 23.5696
threshold=0 0.17826077728046189 0.07234308827623688 0.18701687411026621 1 0.40775114441606503 -1.3097739499085812 -1.0972357407470381 -0.043814408150022625 -0.10156302495171302 -0.0026213452732621492 -0.18714189156989033 -0.073036736078840134 0.17421230945144014 -0.10969544560843475 0.015574825702068909 0.075493964159543694 -0.098002274457864594 -0.14724299583761211 -0.29740000967633123 -0.05136214180480142 -0.14724299583761211 -0.48542364939523658
decision_type=9 2 2 2 9 2 2 2 2 2 2 2 2 2 2 2 2 2 2 2 2 2 2
left_child=5 3 21 4 22 6 -1 -8 10 11 12 -10 17 -11 -12 -15 -17 18 -9 -6 -21 -3 -2
right_child=1 2 -4 -5 19 -7 7 8 9 13 14 -13 -14 15 -16 16 -18 -19 -20 20 -22 -23 -24
leaf_value=0.03805568059810991 -0.000643286552528689 0.046200721673061877 -0.052222595473829236 0.021278097265398654 -0.021020639999298398 0.029830270534722481 0.047696471186337318 -0.022517308106107432 0.084823427466069579 -0.055245684482500376 0.078122944262632055 0.034653326880697111 0.016165802228678524 0 0.034098893545275913 -0.0012357495658091564 -0.037097123582010345 0.0099942467467263926 0.0020786222009939979 -0.016966404596003255 -0.058924805052104304 0.017342556184694151 -0.018441357819492424
leaf_weight=7955 10795 8558 10713 7804 14802 11695 7911 45723 9576 8775 14021 8742 13197 11925 7881 7813 24034 10324 13108 7704 12044 7831 23205
leaf_count=7955 10795 8558 10713 7804 14802 11695 7911 45723 9576 8775 14021 8742 13197 11925 7881 7813 24034 10324 13108 7704 12044 7831 23205
internal_value=0 -0.0143212 0 -0.0192282 -0.0240643 0.00750976 0.00605855 0.00457711 0.00253123 -0.00381807 0.00698498 0.0618562 -0.00779252 -0.0270308 0.0630746 -0.0209777 -0.02877 -0.0125829 -0.0167958 -0.0342732 -0.043385 0.0334017 -0.0132248
internal_weight=0 103456 27102 76354 68550 202680 190985 183030 175119 70865 104254 18318 82352 52547 21902 43772 31847 69155 58831 34550 19748 16389 34000
internal_count=306136 103456 27102 76354 68550 202680 190985 183030 175119 70865 104254 18318 82352 52547 21902 43772 31847 69155 58831 34550 19748 16389 34000
cat_boundaries=0 1 2
cat_threshold=1 2
is_linear=0
shrinkage=0.288339


Tree=10
num_leaves=18
num_cat=7
split_feature=7 9 7 9 9 0 10 1 10 2 4 1 2 1 4 1 2
split_gain=201.041 65.6583 54.054 51.2278 48.672 40.3099 39.7498 24.6013 21.1134 18.8808 13.1023 65.2708 12.4217 11.355 10.8965 10.6924 10.4427
threshold=0 1 2 3 4 1.0000000180025095e-35 5 -0.083461625700211817 6 -0.71520700711288832 1.0000000180025095e-35 -0.17311567644307266 -0.049367802357094349 0.18142534240448163 -0.011977780338256671 -0.047069283749549704 -0.57218891334610678
decision_type=9 9 9 9 9 2 9 2 9 2 2 2 2 2 2 2 2
left_child=1 15 3 7 -4 6 9 14 -6 -3 -8 -12 -11 -13 -2 -1 -7
right_child=2 5 4 -5 8 16 10 -9 -10 12 11 13 -14 -15 -16 -17 -18
leaf_value=-0.0015263392899009249 0.0033621793407823636 0.024168646218942571 8.3464290505867096e-05 -0.015192320309974895 -0.013067797727341058 0.025595677134280341 -0.0044652260347356112 -0.0055700260907124138 -0.027705750965815897 0 0.026837677954193187 -0.0059080298276699538 0.010483365139548374 0.0062650269188282435 0.019272131315230367 -0.01474514654145853 0.012122336650842778
leaf_weight=15072 11870 7990 10517 17782 22977 8604 30040 12028 21113 13465 7960 21887 37195 8023 7835 10779 41567
leaf_count=15072 11870 7990 10517 17782 22977 8604 30040 12028 21113 13465 7960 21887 37195 8023 7835 10779 41567
internal_value=0 0.00566668 -0.00991439 -0.00265679 -0.0162214 0.00769304 0.00477688 0.0039296 -0.020432 0.0102715 0 0.00359122 0.00776938 -0.0021557 0.0104569 -0.00761592 0.0147478
internal_weight=0 202582 104122 49515 54607 176731 126560 31733 44090 58650 67910 37870 50660 29910 19705 25851 50171
internal_count=306704 202582 104122 49515 54607 176731 126560 31733 44090 58650 67910 37870 50660 29910 19705 25851 50171
cat_boundaries=0 1 2 3 4 5 6 7
cat_threshold=1 2 2 1 2 1 1
is_linear=0
shrinkage=0.288339


Tree=11
num_leaves=23
num_cat=5
split_feature=6 3 1 1 3 7 3 7 1 3 3 1 1 3 3 1 1 3 3 9 1 7
split_gain=114.482 68.492 1087.89 385.094 218.495 98.7952 87.0712 65.7954 48.339 833.531 379.142 222.647 57.0384 562.539 181.396 354.11 137.526 139.048 66.6473 11.8493 11.6873 8.67723
threshold=0 0.20402378038467014 0.15451017283671623 0.18142534240448163 0.045548038042091669 1 0.40775114441606503 2 -0.3629434392742607 -0.2637981320737966 -0.3633326865023972 -0.21557340871875688 -0.25357686997470291 -0.20295561551752381 -0.21693038103886567 -0.12373960832780949 -0.18903732604657561 -0.080224851651755705 -0.15732372810023063 3 0.35409942322237875 4
decision_type=9 2 2 2 2 9 2 9 2 2 2 2 2 2 2 2 2 2 2 9 2 9
left_child=7 3 5 8 20 -3 -4 19 9 -2 11 -10 13 -12 15 -14 17 -16 -18 -1 -5 -9
right_child=1 2 6 4 -6 -7 -8 21 10 -11 12 -13 14 -15 16 -17 18 -19 -20 -21 -22 -23
leaf_value=0.025396131786291642 -0.055902130685391488 0.057544242294740582 -0.064901438110711918 0.055981515016225475 -0.010334246042871366 0.021892564887324096 -0.02102219246015874 0.0047186885147730787 -0.0075480806177820438 0.053923210314709764 -0.059807796351763143 0.05549175844174601 -0.029704906893053551 0.036707684543606983 -0.025626618777717918 0.039603041917182114 -0.0085473857874020752 0.026688471984808004 -0.033234267912492024 0.010894114482812741 0.032411634045298073 -0.0077960801456708872
leaf_weight=19575 10678 15737 10790 9527 7814 14114 7726 8202 7818 12270 8377 10260 12763 12300 8848 11614 12478 7957 67338 12207 7907 9087
leaf_count=19575 10678 15737 10790 9527 7814 14114 7726 8202 7818 12270 8377 10260 12763 12300 8848 11614 12478 7957 67338 12207 7907 9087
internal_value=0 -0.00268378 0.00696007 -0.00499752 0.0281945 0.0412473 -0.0474955 0.012505 -0.00967106 0.00218094 -0.0114639 0.0275 -0.0165471 -0.00175891 -0.018953 0.00274186 -0.0245739 0 -0.0295647 0.0203099 0.0462636 -0.00103222
internal_weight=0 256316 48367 207949 25248 29851 18516 49071 182701 22948 159753 18078 141675 20677 120998 24377 96621 16805 79816 31782 17434 17289
internal_count=305387 256316 48367 207949 25248 29851 18516 49071 182701 22948 159753 18078 141675 20677 120998 24377 96621 16805 79816 31782 17434 17289
cat_boundaries=0 1 2 3 4 5
cat_threshold=2 1 1 1 2
is_linear=0
shrinkage=0.288339


Tree=12
num_leaves=18
num_cat=2
split_feature=7 3 1 1 4 9 3 1 1 4 2 2 1 3 2 2 3
split_gain=86.2126 56.0153 187.362 73.5786 56.3406 39.046 28.017 569.808 168.632 85.0002 269.962 216.841 54.6845 57.9553 60.4296 52.9382 37.3841
threshold=0 0.17826077728046189 -0.04214115411022102 0.12541525362095249 -0.99856645421601697 1 0.24423688117117023 0.17611812586983358 0.22340921606092837 0.38728378881366837 0.3319743168673745 0.67329978402792834 0.025146769809060211 0.0064757344409331124 0.24602138965305606 0.8916154834535478 -0.013488216304005382
decision_type=9 2 2 2 2 9 2 2 2 2 2 2 2 2 2 2 2
left_child=5 3 -3 4 -2 -1 8 -8 9 11 -11 12 13 14 -7 -12 -10
right_child=1 2 -4 -5 -6 6 7 -9 16 10 15 -13 -14 -15 -16 -17 -18
leaf_value=-0.006695584230273232 0.0073472281985713052 0.029051641509777362 -0.018526908785318302 0.011351930392754003 -0.01741086776838632 -0.002644583963001085 0.056607464812188549 -0.038146712535554815 0.045268633538523145 0.024382213719603675 -0.017298524279837052 0.050053431966324578 -0.018208873331972356 0.025421736479081011 0.020086014838300421 -0.04863711457944539 0.01388661973662453
leaf_weight=25593 7870 13301 13890 10163 58650 67121 12087 9119 8584 10802 13537 7949 11174 8687 11268 8959 7798
leaf_count=25593 7870 13301 13890 10163 58650 67121 12087 9119 8584 10802 13537 7949 11174 8687 11268 8959 7798
internal_value=0 -0.00663243 0.00423073 -0.0106726 -0.0142612 0.00357924 0.00514735 0.0151907 0.00368327 0.000323226 -0.0122617 0.00440953 0.000541726 0.00312423 0.000451906 -0.0305144 0.0313125
internal_weight=0 103874 27191 76683 66520 202678 177085 21206 155879 139497 33298 106199 98250 87076 78389 22496 16382
internal_count=306552 103874 27191 76683 66520 202678 177085 21206 155879 139497 33298 106199 98250 87076 78389 22496 16382
cat_boundaries=0 1 2
cat_threshold=1 2
is_linear=0
shrinkage=0.288339


Tree=13
num_leaves=12
num_cat=7
split_feature=0 10 7 10 9 7 7 2 2 7 2
split_gain=63.1552 61.7137 41.7104 40.4403 19.847 14.2125 13.8852 10.9335 10.1835 9.07829 8.98505
threshold=1.0000000180025095e-35 0 1 2 3 4 5 0.38075201109912898 -0.79677941324328694 6 -0.06688988669277314
decision_type=2 9 9 9 9 9 9 2 2 9 2
left_child=1 5 4 -2 -3 8 -4 -6 -1 -7 -10
right_child=3 2 6 -5 7 9 -8 -9 10 -11 -12
leaf_value=0.01565275885604318 0.0026625677718903826 -0.015533026582729733 -0.0070001306846052954 0.016414327609677513 -0.0036153232250617294 0.0027660212820790212 -0.019772134569107876 0.0038880818371930721 -0.0012882093487872929 -0.0063437113003286987 0.0060289361780508808
leaf_weight=8031 62539 8751 17412 26899 43243 16347 21613 24683 16248 17547 43437
leaf_count=8031 62539 8751 17412 26899 43243 16347 21613 24683 16248 17547 43437
internal_value=0 -0.00212028 -0.00671096 0.00696781 -0.00256999 0.00296614 -0.0144619 -0.000675647 0.00542787 -0.00152838 0.00379639
internal_weight=0 217312 115702 89438 76677 101610 39025 67926 67716 33894 59685
internal_count=306750 217312 115702 89438 76677 101610 39025 67926 67716 33894 59685
cat_boundaries=0 1 2 3 4 5 6 7
cat_threshold=1 1 1 2 1 2 2
is_linear=0
shrinkage=0.288339


Tree=14
num_leaves=19
num_cat=1
split_feature=9 1 3 3 4 2 3 3 4 2 2 4 2 2 3 1 4 2
split_gain=38.5961 28.4477 523.628 151.492 39.7067 316.268 50.7468 29.4553 26.6784 476.346 409.832 43.0134 143.629 125.762 17.206 15.201 9.67792 9.12142
threshold=0 -0.32844653180019556 -0.28975126804233181 -0.35382604329065664 0.97158934199842717 1.0070481336380286 -0.05988063517816343 0.47344204901032738 0.02563532677652541 0.15130742027111885 0.04771401625950434 -0.68911789983688199 -0.62878051005176994 -0.77191699628027888 -0.13108539283551504 -0.11701081593589019 0.26485885568383755 -0.21949776985959718
decision_type=9 2 2 2 2 2 2 2 2 2 2 2 2 2 2 2 2 2
left_child=1 2 -1 -3 5 6 -5 -8 9 11 17 13 -13 -2 -4 -12 -17 -10
right_child=8 3 14 4 -6 -7 7 -9 10 -11 15 12 -14 -15 -16 16 -18 -19
leaf_value=-0.044246062273045964 -0.038389223609117146 0.029267617602214441 0.028979909389127024 -0.0010087697147203379 0.012356959750176802 0.051510123112486331 -0.015660223865759538 0.0013635450577595626 0.042979818872067151 0.033376634185458456 -0.027688484016992261 0 -0.047018300474204217 0.010814116447830686 0.055369703935199958 -0.00049030054412515362 -0.013982041569142286 0.023165729595668504
leaf_weight=8635 7943 14464 7811 61674 14758 8085 51618 8271 11062 16034 7835 7780 17565 8673 8024 7837 30337 8060
leaf_count=8635 7943 14464 7811 61674 14758 8085 51618 8271 11062 16034 7835 7780 17565 8673 8024 7837 30337 8060
internal_value=0 0.00265735 0.0118626 0.00114485 -0.00158318 -0.00328613 -0.00707271 -0.0130696 -0.00394154 -0.00843628 0 -0.0247816 -0.032614 -0.0118957 0.0434178 -0.0146806 -0.0115944 0.0354783
internal_weight=0 183340 24470 158870 144406 129648 121563 59889 123126 57995 65131 41961 25345 16616 15835 46009 38174 19122
internal_count=306466 183340 24470 158870 144406 129648 121563 59889 123126 57995 65131 41961 25345 16616 15835 46009 38174 19122
cat_boundaries=0 1
cat_threshold=1
is_linear=0
shrinkage=0.288339


Tree=15
num_leaves=9
num_cat=2
split_feature=6 6 0 4 4 4 4 4
split_gain=48.4673 37.3733 19.9879 18.0841 10.4336 20.0299 9.97628 20.8307
threshold=0 1 1.0000000180025095e-35 0.61754685453020142 0.99023960840704472 0.38728378881366837 -0.29089824500936917 0.37967781424465424
decision_type=9 9 2 2 2 2 2 2
left_child=6 2 4 -3 5 -2 -1 -8
right_child=1 3 -4 -5 -6 -7 7 -9
leaf_value=0.0010758954044120361 -0.00025846529358739597 -0.011431700388312552 0.0046520764541021177 0.0014317884900271118 0.0061951747867074712 -0.0086876873952917034 0.017462030192232643 0.0018994572743051947
leaf_weight=14930 103667 38894 60931 9357 12225 31798 19676 14835
leaf_count=14930 103667 38894 60931 9357 12225 31798 19676 14835
internal_value=0 -0.00140562 0.000200514 -0.00864007 -0.00153959 -0.00234642 0.00844194 0.0112042
internal_weight=0 256872 208621 48251 147690 135465 49441 34511
internal_count=306313 256872 208621 48251 147690 135465 49441 34511
cat_boundaries=0 1 2
cat_threshold=2 1
is_linear=0
shrinkage=0.288339


Tree=16
num_leaves=21
num_cat=1
split_feature=7 1 3 3 1 4 4 4 3 1 1 4 1 4 3 1 1 3 4 1
split_gain=32.1088 36.2813 151.368 21.1552 28.8963 48.1917 18.8827 31.091 16.0873 402.767 378.576 80.2126 61.0583 50.2099 36.8561 32.9615 40.3874 69.61 27.9408 44.7508
threshold=0 0.42584161816148641 0.42571870008676643 0.42571870008676643 -0.10630161114302895 -0.042818444343631919 -0.84394636845875481 0.02563532677652541 -0.050944390558960856 -0.099572818751197917 0.044385429746431351 0.38728378881366837 -0.061664129219169965 0.18046379539859239 0.0095178602688352956 0.0092251202056455352 0.19867379614142597 0.18843288551721374 -0.67536463075316644 -0.38095006680202032
decision_type=9 2 2 2 2 2 2 2 2 2 2 2 2 2 2 2 2 2 2 2
left_child=1 2 8 4 6 -6 -2 -8 10 14 11 12 18 -11 -10 -15 17 -17 -1 -20
right_child=3 -3 -4 -5 5 -7 7 -9 9 13 -12 -13 -14 15 -16 16 -18 -19 19 -21
leaf_value=0.005720402686327784 0.0096683018235011881 -0.013073079175160677 0.042194526945628877 0.0070392199621428101 0.00060930191327362006 -0.019575372640326653 -0.011334865204010646 0.0037009795910334575 0.012312152911792482 -0.035693519534031048 0.047911378377098968 -0.027129390787496221 0.017361479821200964 0.00094813501089735541 0.040618639799329927 -0.038746778980466717 -0.0017970267695788266 -0.0013144677168400326 0.012095957745937422 -0.010708916782111033
leaf_weight=18618 9984 12224 7794 10959 14091 24683 23403 20313 7818 9314 13867 10093 13982 11469 13607 11365 12321 7774 7917 44490
leaf_count=18618 9984 12224 7794 10959 14091 24683 23403 20313 7818 9314 13867 10093 13982 11469 13607 11365 12321 7774 7917 44490
internal_value=0 0.00190371 0.0029446 -0.00433224 -0.00583935 -0.0118791 -0.00120178 -0.0040235 0.00117738 -0.00199054 0.00345123 -0.00290635 0 -0.0158255 0.0310238 -0.0111357 -0.0159918 -0.0243448 -0.00344536 -0.00697916
internal_weight=0 202653 190429 103433 92474 38774 53700 43716 182635 73668 108967 95100 85007 52243 21425 42929 31460 19139 71025 52407
internal_count=306086 202653 190429 103433 92474 38774 53700 43716 182635 73668 108967 95100 85007 52243 21425 42929 31460 19139 71025 52407
cat_boundaries=0 1
cat_threshold=1
is_linear=0
shrinkage=0.288339


Tree=17
num_leaves=9
num_cat=5
split_feature=6 4 1 6 7 7 1 7
split_gain=28.0222 20.4102 22.8372 19.8206 25.4604 20.5582 18.1792 8.73372
threshold=0 0.99023960840704472 0.6345289540347262 1 2 3 -0.053987619589040435 4
decision_type=9 2 2 9 9 9 2 9
left_child=7 2 3 4 -2 -6 -3 -1
right_child=1 6 -4 -5 5 -7 -8 -9
leaf_value=0.0093176623855596632 0.0025890336810978905 0.018537955339565065 -0.013850836527435573 -0.006765909142720232 0.00044962355155085622 -0.0097746896944401265 0 0.0003458772098443843
leaf_weight=31839 121225 7701 12681 42078 28752 31435 13316 17446
leaf_count=31839 121225 7701 12681 42078 28752 31435 13316 17446
internal_value=0 -0.00105724 -0.00187301 -0.00112536 0.000105315 -0.00465554 0.00740489 0.00643826
internal_weight=0 257188 236171 223490 181412 60187 21017 49285
internal_count=306473 257188 236171 223490 181412 60187 21017 49285
cat_boundaries=0 1 2 3 4 5
cat_threshold=2 1 1 2 1
is_linear=0
shrinkage=0.288339


Tree=18
num_leaves=10
num_cat=0
split_feature=1 1 2 4 0 2 2 2 2
split_gain=38.4698 82.06 53.994 321.209 26.2825 16.6363 22.8575 14.2182 10.9536
threshold=1.3706209330212538 0.6345289540347262 -1.1238977849964231 -1.3684460394166853 1.0000000180025095e-35 0.2094381189793505 -0.4476400436086041 -0.057773667139751066 0.013972164667149914
decision_type=2 2 2 2 2 2 2 2 2
left_child=1 2 -1 -4 5 6 -5 -8 -9
right_child=-2 -3 3 4 -6 -7 7 8 -10
leaf_value=-0.016785324479089286 0.019241013297569096 -0.028614634945909607 0.053248613592837134 0.00072595670950696017 0.0038182369259199098 0.00027870675795833031 -0.01236005584475609 0.003492704925438891 -0.007071951413902506
leaf_weight=14513 8368 8345 9466 33861 76815 87516 34390 10743 22294
leaf_count=14513 8368 8345 9466 33861 76815 87516 34390 10743 22294
internal_value=0 -0.000512199 0.000253583 0.00120839 -0.000603539 -0.00247952 -0.00500371 -0.0080928 -0.00320083
internal_weight=0 297943 289598 275085 265619 188804 101288 67427 33037
internal_count=306311 297943 289598 275085 265619 188804 101288 67427 33037
is_linear=0
shrinkage=0.288339


Tree=19
num_leaves=18
num_cat=0
split_feature=4 1 1 3 1 4 4 1 1 4 1 1 4 1 4 4 4
split_gain=23.3739 107.643 82.9674 63.7509 23.0751 19.2717 13.8816 34.4761 16.1175 12.4614 85.4094 33.893 10.3673 9.91339 20.5567 15.4651 12.7164
threshold=-1.2808210447254618 1.2779341871157495 -0.090379961539702541 0.67517301796748519 0.018797064312283784 1.1195411760786367 -0.80101949828907293 -0.3629434392742607 -0.28797900572484997 -0.21619298794196259 -0.13321678071079437 -0.27926000713259208 -0.028752600962951808 0.33940980602866383 0.25891994403413504 0.85301949186928028 -0.14013324225288812
decision_type=2 2 2 2 2 2 2 2 2 2 2 2 2 2 2 2 2
left_child=2 3 -1 4 5 6 8 12 -2 10 -9 -11 -8 14 16 -16 -6
right_child=1 -3 -4 -5 13 -7 7 9 -10 11 -12 -13 -14 -15 15 -17 -18
leaf_value=0.0061330620970101151 -0.0010759735855477071 0.032985269538907978 -0.031954143975189211 0.023087095376249492 -0.0045043523387630737 0.01421110474099182 0.0031865624234641192 -0.016069256254002354 0.013878726940722669 0.015196991985488578 0.011152547618747058 -0.0025062740074522278 0.018200826347462101 -0.014787755208060978 -0.011348065535110722 0 0.0082235539418210827
leaf_weight=10367 8535 8333 8037 9408 10172 8266 12613 28156 12210 9825 13851 91863 8388 8953 29414 13868 14703
leaf_count=10367 8535 8333 8037 9408 10172 8266 12613 28156 12210 9825 13851 91863 8388 8953 29414 13868 14703
internal_value=0 0.000802309 -0.00976854 -0.00011013 -0.000974144 0.000639502 0 -0.000856019 0.00704768 -0.00253217 -0.00674757 -0.000646155 0.0099027 -0.00521193 -0.00373083 -0.00760974 0.0024423
internal_weight=0 288558 18404 280225 270817 193707 185441 164696 20745 143695 42007 101688 21001 77110 68157 43282 24875
internal_count=306962 288558 18404 280225 270817 193707 185441 164696 20745 143695 42007 101688 21001 77110 68157 43282 24875
is_linear=0
shrinkage=0.288339


Tree=20
num_leaves=3
num_cat=1
split_feature=9 1
split_gain=12.7118 10.8028
threshold=0 -0.1258245862521544
decision_type=9 2
left_child=1 -1
right_child=-2 -3
leaf_value=0.0043893232385437877 -0.0018319908483035146 0
leaf_weight=82224 122981 101044
leaf_count=82224 122981 101044
internal_value=0 0.00193603
internal_weight=0 183268
internal_count=306249 183268
cat_boundaries=0 1
cat_threshold=1
is_linear=0
shrinkage=0.288339


Tree=21
num_leaves=5
num_cat=0
split_feature=2 1 3 1
split_gain=17.2041 98.042 99.3863 14.9682
threshold=-2.0410841859998254 0.89775741697222078 0.92044441283487166 -0.38095006680202032
decision_type=2 2 2 2
left_child=-1 2 3 -2
right_child=1 -3 -4 -5
leaf_value=0.012792741101527155 0.0064621095240701906 -0.030264623388230362 0.031077680442150007 -0.00091818837953130147
leaf_weight=8656 24882 8704 8621 255266
leaf_count=8656 24882 8704 8621 255266
internal_value=0 -0.000182488 0.000680423 -0.000209996
internal_weight=0 297473 288769 280148
internal_count=306129 297473 288769 280148
is_linear=0
shrinkage=0.288339


Tree=22
num_leaves=22
num_cat=0
split_feature=3 2 4 4 2 2 4 2 2 2 4 2 2 2 4 2 2 2 2 2 2
split_gain=22.8616 49.2628 216.932 14.5562 626.625 479.653 76.5487 131.505 56.9419 54.8331 51.5521 682.604 546.713 162.95 51.638 51.3662 44.4296 31.0606 21.5371 17.8048 24.6823
threshold=1.2770385997139024 -1.7884346726732139 -1.5195236164707133 0.02563532677652541 0.14550618964646841 0.064052175977907549 0.38728378881366837 -0.22754845725707121 -0.61374466741225964 -0.3229727814094841 0.60671094555530569 0.91896414211261401 0.70917269993148901 0.64086024951457699 0.19869729607750336 -0.041435507421237611 0.8916154834535478 -0.26614439978014531 0.5048273109896112 0.25276975997163725 0.54294968366599561
decision_type=2 2 2 2 2 2 2 2 2 2 2 2 2 2 2 2 2 2 2 2 2
left_child=1 -1 -3 4 8 6 7 -5 -4 -8 11 13 18 14 -7 17 -14 -10 -12 -6 -21
right_child=-2 2 3 5 19 10 9 -9 15 -11 12 -13 16 -15 -16 -17 -18 -19 -20 20 -22
leaf_value=0.022344012489192898 -0.01459983044567361 0.04595616210348169 -0.0062344783114471952 0.055679030316293746 0.012951443448157083 -0.01926996780515226 -0.0068804865196545719 0.013639159081741674 -0.019536744549941667 0.024867076916094927 0.038374686230280897 0.062104695328088627 -0.0089360220448058084 0 -0.044549126996345487 -0.0060270379657561511 -0.037368549300835038 -0.037699313088670833 0.015406780578669371 0.040915254939616556 0.020142091643143588
leaf_weight=8506 8148 8286 33155 13895 8102 12453 7703 13232 25915 9289 14363 8060 7940 13517 26425 14856 19564 17048 7993 15577 12699
leaf_count=8506 8148 8286 33155 13895 8102 12453 7703 13232 25915 9289 14363 8060 7940 13517 26425 14856 19564 17048 7993 15577 12699
internal_value=0 0.000784321 9.79293e-05 -0.00120889 -0.0035076 0.000594017 0.0260707 0.0357785 -0.0163967 0.00965588 -0.00947307 -0.0151752 -0.00226047 -0.0273956 -0.0368644 -0.0219624 -0.0297209 -0.0271214 0.0308693 0.0283037 0.032157
internal_weight=0 298578 290072 281786 127352 154434 44119 27127 90974 16992 110315 60455 49860 52395 38878 57819 27504 42963 22356 36378 28276
internal_count=306726 298578 290072 281786 127352 154434 44119 27127 90974 16992 110315 60455 49860 52395 38878 57819 27504 42963 22356 36378 28276
is_linear=0
shrinkage=0.288339


Tree=23
num_leaves=7
num_cat=1
split_feature=4 2 2 7 2 2
split_gain=38.9981 538.858 318.428 23.9773 10.1438 11.1587
threshold=-0.97877008205034222 -1.145090035645546 -1.356598168521941 0 -0.041435507421237611 -0.26614439978014531
decision_type=2 2 2 9 2 2
left_child=1 -1 -2 4 5 -4
right_child=2 -3 3 -5 -6 -7
leaf_value=-0.073891913026995493 0.056332771278975451 0.011947634741035966 0.00066247889378726965 -0.0045253501644273971 0.0028627451819895028 -0.0076901674199317338
leaf_weight=8052 8375 23629 41315 86186 120488 18005
leaf_count=8052 8375 23629 41315 86186 120488 18005
internal_value=0 -0.00951346 0.00116044 -0.00053482 0.00129865 -0.00163516
internal_weight=0 31681 274369 265994 179808 59320
internal_count=306050 31681 274369 265994 179808 59320
cat_boundaries=0 1
cat_threshold=1
is_linear=0
shrinkage=0.288339


Tree=24
num_leaves=5
num_cat=2
split_feature=6 4 2 6
split_gain=11.2468 12.1197 160.108 10.5793
threshold=0 -1.5917282791591039 -1.4048430966760319 1
decision_type=9 2 2 9
left_child=-1 -2 -3 -4
right_child=1 2 3 -5
leaf_value=0.003416064624826875 -0.010735646887159372 0.039753507654489373 -0.0011868513476321657 -0.0062704027147090441
leaf_weight=49148 11040 7734 193917 44856
leaf_count=49148 11040 7734 193917 44856
internal_value=0 -0.00130279 -0.000819349 -0.00220355
internal_weight=0 257547 246507 238773
internal_count=306695 257547 246507 238773
cat_boundaries=0 1 2
cat_threshold=2 1
is_linear=0
shrinkage=0.288339


Tree=25
num_leaves=19
num_cat=2
split_feature=4 2 2 1 1 3 4 3 3 4 4 2 2 2 7 3 3 9
split_gain=19.001 783.238 433.213 166.774 44.2258 718.804 326.714 238.038 123.138 148.452 76.631 282.663 50.435 47.5886 36.8395 33.0675 45.8931 15.0725
threshold=0.99023960840704472 1.0070481336380286 1.1647468926589173 -0.073036736078840134 0.032444192543782079 -0.030980439813845292 -0.023230455043053055 0.1007816351032446 0.51850353783499414 0.38728378881366837 0.38728378881366837 0.28047359601588612 0.47558437294290407 0.23193268670747649 0 0.13110782694926185 0.24014902458986861 1
decision_type=2 2 2 2 2 2 2 2 2 2 2 2 2 2 9 2 2 9
left_child=2 3 4 -2 7 6 -6 10 9 -9 13 -12 -7 14 17 -14 -17 -1
right_child=1 -3 -4 -5 5 12 -8 8 -10 -11 11 -13 15 -15 -16 16 -18 -19
leaf_value=0.0016681912571650983 0.015431746595210759 -0.058944470075474632 0.064783269248362738 0.077223365128441163 -0.0011075639379074212 -0.043865030399805945 0.061064893476317196 0.061060290378426821 -0.0062429345485576554 0.012792609837139909 0.015536133440948337 -0.058151073745422451 -0.0067593546733990921 0.0077948621203111365 -0.011992431144745507 -0.046719799213761425 -0.01224311108270805 -0.0062282614055591493
leaf_weight=48277 8185 9108 8080 7756 14491 18787 12817 9545 8442 14135 7754 9059 9712 28238 43391 7898 7912 32465
leaf_count=48277 8185 9108 8080 7756 14491 18787 12817 9545 8442 14135 7754 9059 9712 28238 43391 7898 7912 32465
internal_value=0 0.00758332 -0.000695094 0.0465739 -0.00270023 -0.00886211 0.0276162 -0.00043449 0.0222173 0.0329609 -0.0048268 -0.0233784 -0.0316759 -0.00267679 -0.0051776 -0.0220579 -0.0304862 -0.00133068
internal_weight=0 25049 281003 15941 272923 71617 27308 201306 32122 23680 169184 16813 44309 152371 124133 25522 15810 80742
internal_count=306052 25049 281003 15941 272923 71617 27308 201306 32122 23680 169184 16813 44309 152371 124133 25522 15810 80742
cat_boundaries=0 1 2
cat_threshold=1 1
is_linear=0
shrinkage=0.288339


Tree=26
num_leaves=3
num_cat=0
split_feature=2 4
split_gain=16.0736 137.453
threshold=-1.4048430966760319 -1.5195236164707133
decision_type=2 2
left_child=-1 -2
right_child=1 -3
leaf_value=-0.0098252036238789479 0.032960387117000882 -0.00076038502172360428
leaf_weight=13328 10349 282813
leaf_count=13328 10349 282813
internal_value=0 0.000387336
internal_weight=0 293162
internal_count=306490 293162
is_linear=0
shrinkage=0.288339


Tree=27
num_leaves=3
num_cat=1
split_feature=4 10
split_gain=23.1323 11.3725
threshold=-1.5917282791591039 0
decision_type=2 9
left_child=-1 -2
right_child=1 -3
leaf_value=-0.011587870781559931 0.0024302100151956068 -0.0011290158740466223
leaf_weight=13156 156971 136100
leaf_count=13156 156971 136100
internal_value=0 0.000728256
internal_weight=0 293071
internal_count=306227 293071
cat_boundaries=0 1
cat_threshold=1
is_linear=0
shrinkage=0.288339


Tree=28
num_leaves=11
num_cat=0
split_feature=4 2 2 4 2 2 2 2 2 2
split_gain=16.1173 263.602 165.687 9.8364 518.563 359.365 37.4235 29.6455 23.2296 14.3136
threshold=-1.2808210447254618 -0.8678148902798225 -1.4048430966760319 0.82457523081017914 0.8118189642492829 1.0855423357632901 1.1958841100934856 0.8118189642492829 0.40194426174847236 -0.29740000967633123
decision_type=2 2 2 2 2 2 2 2 2 2
left_child=1 -1 -2 5 8 7 -6 9 -5 -4
right_child=2 -3 3 4 6 -7 -8 -9 -10 -11
leaf_value=-0.049199397785871624 0.03958261498166863 0.020052240329436016 -0.00099390719614715953 0.023171497780442966 -0.016627994152983643 0.056887662805336595 -0.048100968713672879 0.0079683207924000354 0.047869076350692333 -0.006294589244319717
leaf_weight=7773 8597 10612 68885 10781 8105 8337 8482 15709 8987 149359
leaf_count=7773 8597 10612 68885 10781 8105 8337 8482 15709 8987 149359
internal_value=0 -0.00850986 0.000259575 -0.000910186 0.00338352 -0.00161461 -0.0337036 -0.00377502 0.0352376 -0.00468829
internal_weight=0 18385 287242 278645 36355 242290 16587 233953 19768 218244
internal_count=305627 18385 287242 278645 36355 242290 16587 233953 19768 218244
is_linear=0
shrinkage=0.288339


Tree=29
num_leaves=13
num_cat=0
split_feature=4 2 2 3 1 2 4 1 3 3 4 4
split_gain=20.0843 103.695 68.9834 19.821 50.5569 51.3059 71.0835 37.5037 450.061 206.076 137.362 11.7597
threshold=1.1905997330102609 0.87302786696232093 1.2323489883054639 1.2515607959057859 1.2779341871157495 -1.3097739499085812 -1.3684460394166853 0.085421586164756078 0.05838200637818048 0.13110782694926185 0.02563532677652541 0.3966610177343482
decision_type=2 2 2 2 2 2 2 2 2 2 2 2
left_child=2 -2 3 4 5 -1 -7 9 10 -8 -9 -10
right_child=1 -3 -4 -5 -6 6 7 8 11 -11 -12 -13
leaf_value=-0.023941232616608066 0.031296185048323599 -0.013418212975379038 0.025863898469147578 -0.015248738022624829 0.021082535340863469 0.025409925051175793 -0.0035760103505257323 -0.0052676932451612563 -0.04842653549134316 0.024108915118778579 0.037850037765187666 -0.02899510887867169
leaf_weight=8285 8923 7719 7873 8359 8296 8169 173194 10052 7906 25605 13841 17587
leaf_count=8285 8923 7719 7873 8359 8296 8169 173194 10052 7906 25605 13841 17587
internal_value=0 0.00971958 -0.000563866 -0.00136014 -0.000878714 -0.00162625 -0.000843404 -0.00177154 -0.00887783 0 0.0191404 -0.035685
internal_weight=0 16642 289167 281294 272935 264639 256354 248185 49386 198799 23893 25493
internal_count=305809 16642 289167 281294 272935 264639 256354 248185 49386 198799 23893 25493
is_linear=0
shrinkage=0.288339


Tree=30
num_leaves=9
num_cat=0
split_feature=1 1 2 4 1 4 1 1
split_gain=36.2581 46.676 21.4349 22.3898 16.7435 15.5328 12.2497 16.2329
threshold=1.230169238305417 0.30282792063043035 -1.1238977849964231 0.41281068976404672 0.032444192543782079 0.99023960840704472 0.15451017283671623 0.032444192543782079
decision_type=2 2 2 2 2 2 2 2
left_child=1 2 -1 6 -5 -6 7 -4
right_child=-2 -3 3 4 5 -7 -8 -9
leaf_value=-0.010817181307641628 -0.013977239981297197 0.018605929375958986 0.0026617263557431057 -0.0070147442325636756 -0.0020071891717680979 0.012119490480181783 0.010985092940517149 -0.0065302686337420793
leaf_weight=14068 14267 11783 158446 44886 23405 8460 13497 16979
leaf_count=14068 14267 11783 158446 44886 23405 8460 13497 16979
internal_value=0 0.000869519 6.70864e-05 0.000699999 -0.00337354 0.00130751 0.00243174 0.00168797
internal_weight=0 291524 279741 265673 76751 31865 188922 175425
internal_count=305791 291524 279741 265673 76751 31865 188922 175425
is_linear=0
shrinkage=0.288339


Tree=31
num_leaves=5
num_cat=2
split_feature=1 1 7 7
split_gain=22.1624 17.3814 19.1802 16.6059
threshold=1.230169238305417 0.30282792063043035 0 1
decision_type=2 2 9 9
left_child=1 2 -1 -4
right_child=-2 -3 3 -5
leaf_value=0.0020476322605792784 -0.010757762410178737 0.011701446976549668 0.00072425137621981743 -0.0066587025999889351
leaf_weight=185617 14349 11695 45453 49502
leaf_count=185617 14349 11695 45453 49502
internal_value=0 0.00080427 0.000296269 -0.00297468
internal_weight=0 292267 280572 94955
internal_count=306616 292267 280572 94955
cat_boundaries=0 1 2
cat_threshold=1 2
is_linear=0
shrinkage=0.288339


Tree=32
num_leaves=3
num_cat=0
split_feature=3 3
split_gain=10.2548 9.82562
threshold=-0.098002274457864594 0.16875413406863279
decision_type=2 2
left_child=-1 -2
right_child=1 -3
leaf_value=0.0017152574038167316 -0.0035213190060256611 0.00089593905808207908
leaf_weight=143151 96289 66615
leaf_count=143151 96289 66615
internal_value=0 -0.00162687
internal_weight=0 162904
internal_count=306055 162904
is_linear=0
shrinkage=0.288339


Tree=33
num_leaves=6
num_cat=0
split_feature=4 2 2 2 2
split_gain=14.2831 115.937 93.6108 8.5764 15.7921
threshold=-1.2808210447254618 -0.74302923561886469 -1.4048430966760319 1.3962041553365163 1.1368062716913234
decision_type=2 2 2 2 2
left_child=1 -1 -2 4 -4
right_child=2 -3 3 -5 -6
leaf_value=-0.032594249878840076 0.029892672251654678 0.012673097153818239 -0.00024065576594175776 0.0087241245835587462 -0.013294325265769832
leaf_weight=8577 8696 9741 262648 8114 7996
leaf_count=8577 8696 9741 262648 8114 7996
internal_value=0 -0.00777509 0.000515846 -0.000355107 -0.000682436
internal_weight=0 18318 287454 278758 270644
internal_count=305772 18318 287454 278758 270644
is_linear=0
shrinkage=0.288339


Tree=34
num_leaves=3
num_cat=0
split_feature=1 4
split_gain=18.2541 8.50507
threshold=1.230169238305417 0.42218791868482358
decision_type=2 2
left_child=1 -1
right_child=-2 -3
leaf_value=0.0022591616922639224 -0.0091671248578165353 -0.0010977474978758205
leaf_weight=209421 14390 83003
leaf_count=209421 14390 83003
internal_value=0 0.001257
internal_weight=0 292424
internal_count=306814 292424
is_linear=0
shrinkage=0.288339


Tree=35
num_leaves=3
num_cat=0
split_feature=3 3
split_gain=12.8701 13.5398
threshold=-0.4526951326945115 -0.40696817884518771
decision_type=2 2
left_child=-1 -2
right_child=1 -3
leaf_value=-0.010440539753401959 0.010702460532581271 -0.0002073580612451326
leaf_weight=9829 9688 285970
leaf_count=9829 9688 285970
internal_value=0 0.000103477
internal_weight=0 295658
internal_count=305487 295658
is_linear=0
shrinkage=0.288339


Tree=36
num_leaves=2
num_cat=1
split_feature=10
split_gain=10.4712
threshold=0
decision_type=9
left_child=-1
right_child=-2
leaf_value=0.0012083093954742764 -0.0021534785572561422
leaf_weight=163369 142622
leaf_count=163369 142622
internal_value=0
internal_weight=0
internal_count=305991
cat_boundaries=0 1
cat_threshold=1
is_linear=0
shrinkage=0.288339


Tree=37
num_leaves=3
num_cat=0
split_feature=1 1
split_gain=13.0589 11.1971
threshold=1.230169238305417 0.12541525362095249
decision_type=2 2
left_child=1 -1
right_child=-2 -3
leaf_value=-0.00026636395774999551 -0.008407253961300331 0.0044224121513081393
leaf_weight=242056 14305 50270
leaf_count=242056 14305 50270
internal_value=0 0.000491378
internal_weight=0 292326
internal_count=306631 292326
is_linear=0
shrinkage=0.288339


Tree=38
num_leaves=3
num_cat=0
split_feature=1 1
split_gain=8.43624 8.26091
threshold=-0.12819387934790064 0.12039235225797046
decision_type=2 2
left_child=-1 -2
right_child=1 -3
leaf_value=0.0016576976706621734 -0.0030012495023170626 0.00099542687043992564
leaf_weight=135472 105501 65455
leaf_count=135472 105501 65455
internal_value=0 -0.0013869
internal_weight=0 170956
internal_count=306428 170956
is_linear=0
shrinkage=0.288339


Tree=39
num_leaves=3
num_cat=1
split_feature=0 7
split_gain=9.97243 10.516
threshold=1.0000000180025095e-35 0
decision_type=2 9
left_child=1 -1
right_child=-2 -3
leaf_value=0.00010751809672507803 0.0023846263423299477 -0.0040404684678876689
leaf_weight=144197 89014 73478
leaf_count=144197 89014 73478
internal_value=0 -0.00122718
internal_weight=0 217675
internal_count=306689 217675
cat_boundaries=0 1
cat_threshold=1
is_linear=0
shrinkage=0.288339


Tree=40
num_leaves=3
num_cat=0
split_feature=2 2
split_gain=10.3343 10.1768
threshold=-0.03539749187324235 -0.27372151733081934
decision_type=2 2
left_child=1 -1
right_child=-2 -3
leaf_value=-0.0003674409226112764 0.0013587632309173274 -0.006450974745164359
leaf_weight=95387 177363 32739
leaf_count=95387 177363 32739
internal_value=0 -0.00203668
internal_weight=0 128126
internal_count=305489 128126
is_linear=0
shrinkage=0.288339


Tree=41
num_leaves=2
num_cat=1
split_feature=6
split_gain=8.59694
threshold=0
decision_type=9
left_child=-1
right_child=-2
leaf_value=0.0035351509329648533 -0.00062357618200669729
leaf_weight=49139 256833
leaf_count=49139 256833
internal_value=0
internal_weight=0
internal_count=305972
cat_boundaries=0 1
cat_threshold=2
is_linear=0
shrinkage=0.288339


Tree=42
num_leaves=2
num_cat=0
split_feature=4
split_gain=8.64199
threshold=1.1905997330102609
decision_type=2
left_child=-1
right_child=-2
leaf_value=-0.00012302710904886019 0.0065657765544066271
leaf_weight=289341 16783
leaf_count=289341 16783
internal_value=0
internal_weight=0
internal_count=306124
is_linear=0
shrinkage=0.288339


Tree=43
num_leaves=6
num_cat=0
split_feature=4 2 2 4 4
split_gain=9.55744 91.1047 9.75515 60.8747 13.6149
threshold=-1.7573405610398409 -1.5087916780726085 1.2323489883054639 1.0365006044154474 0.34373177004908684
decision_type=2 2 2 2 2
left_child=-1 -2 3 4 -3
right_child=1 2 -4 -5 -6
leaf_value=-0.0087900914016201832 0.030586331115609766 -0.00022908584251415709 -0.0087317406091371313 0.016720690806200037 -0.0050153526722502319
leaf_weight=10753 7791 188164 12777 15918 70623
leaf_count=10753 7791 188164 12777 15918 70623
internal_value=0 -8.16874e-06 -0.000893653 -0.000474793 -0.00159182
internal_weight=0 295273 287482 274705 258787
internal_count=306026 295273 287482 274705 258787
is_linear=0
shrinkage=0.288339


Tree=44
num_leaves=2
num_cat=0
split_feature=2
split_gain=8.33656
threshold=-1.5087916780726085
decision_type=2
left_child=-1
right_child=-2
leaf_value=-0.0079785661521452091 5.1224338133181248e-05
leaf_weight=10992 295328
leaf_count=10992 295328
internal_value=0
internal_weight=0
internal_count=306320
is_linear=0
shrinkage=0.288339


Tree=45
num_leaves=3
num_cat=1
split_feature=4 9
split_gain=9.55282 12.7344
threshold=0.46344772593529082 0
decision_type=2 9
left_child=1 -1
right_child=-2 -3
leaf_value=0.0030425952192631154 -0.0023961986210042511 -0.0012883037582131765
leaf_weight=136088 80172 90781
leaf_count=136088 80172 90781
internal_value=0 0.00124618
internal_weight=0 226869
internal_count=307041 226869
cat_boundaries=0 1
cat_threshold=1
is_linear=0
shrinkage=0.288339


Tree=46
num_leaves=2
num_cat=0
split_feature=3
split_gain=8.60332
threshold=0.62930346446971697
decision_type=2
left_child=-1
right_child=-2
leaf_value=-0.00023943140706342216 0.0065396049764748394
leaf_weight=290665 16316
leaf_count=290665 16316
internal_value=0
internal_weight=0
internal_count=306981
is_linear=0
shrinkage=0.288339


Tree=47
num_leaves=2
num_cat=0
split_feature=1
split_gain=11.0492
threshold=1.230169238305417
decision_type=2
left_child=-1
right_child=-2
leaf_value=0.00032032785082169676 -0.0078193297249682502
leaf_weight=292020 14476
leaf_count=292020 14476
internal_value=0
internal_weight=0
internal_count=306496
is_linear=0
shrinkage=0.288339


Tree=48
num_leaves=5
num_cat=0
split_feature=3 2 2 2
split_gain=9.07216 44.7029 25.8014 15.3821
threshold=0.13110782694926185 -0.38950934490048267 1.0439865816969169 0.96123025094935277
decision_type=2 2 2 2
left_child=2 -2 -1 -3
right_child=1 3 -4 -5
leaf_value=-0.00033188711762101325 -0.01126634261807998 0.0034872610115813194 -0.014371528879084895 0.015794910762462852
leaf_weight=217720 14928 49187 11570 11865
leaf_count=217720 14928 49187 11570 11865
internal_value=0 0.00251488 -0.00110676 0.00612823
internal_weight=0 75980 229290 61052
internal_count=305270 75980 229290 61052
is_linear=0
shrinkage=0.288339


end of trees

feature_importances:
pickup_latitude=122
dropoff_latitude=113
pickup_longitude=102
dropoff_longitude=73
pickup_hour=29
pickup_weekday=19
pickup_month=8
vendor_id_2=6
passenger_count=5

parameters:
[boosting: gbdt]
[objective: regression]
[metric: custom]
[tree_learner: serial]
[device_type: cpu]
[data: ]
[valid: ]
[num_iterations: 1000]
[learning_rate: 0.288339]
[num_leaves: 70]
[num_threads: 0]
[deterministic: 0]
[force_col_wise: 0]
[force_row_wise: 0]
[histogram_pool_size: -1]
[max_depth: 9]
[min_data_in_leaf: 7700]
[min_sum_hessian_in_leaf: 0.001]
[bagging_fraction: 0.3]
[pos_bagging_fraction: 1]
[neg_bagging_fraction: 1]
[bagging_freq: 1]
[bagging_seed: 3]
[feature_fraction: 0.7]
[feature_fraction_bynode: 1]
[feature_fraction_seed: 2]
[extra_trees: 0]
[extra_seed: 6]
[early_stopping_round: 10]
[first_metric_only: 1]
[max_delta_step: 0]
[lambda_l1: 50]
[lambda_l2: 60]
[linear_lambda: 0]
[min_gain_to_split: 8.22542]
[drop_rate: 0.1]
[max_drop: 50]
[skip_drop: 0.5]
[xgboost_dart_mode: 0]
[uniform_drop: 0]
[drop_seed: 4]
[top_rate: 0.2]
[other_rate: 0.1]
[min_data_per_group: 100]
[max_cat_threshold: 32]
[cat_l2: 10]
[cat_smooth: 10]
[max_cat_to_onehot: 4]
[top_k: 20]
[monotone_constraints: ]
[monotone_constraints_method: basic]
[monotone_penalty: 0]
[feature_contri: ]
[forcedsplits_filename: ]
[refit_decay_rate: 0.9]
[cegb_tradeoff: 1]
[cegb_penalty_split: 0]
[cegb_penalty_feature_lazy: ]
[cegb_penalty_feature_coupled: ]
[path_smooth: 0]
[interaction_constraints: ]
[verbosity: 1]
[saved_feature_importance_type: 0]
[linear_tree: 0]
[max_bin: 255]
[max_bin_by_feature: ]
[min_data_in_bin: 3]
[bin_construct_sample_cnt: 200000]
[data_random_seed: 1]
[is_enable_sparse: 1]
[enable_bundle: 1]
[use_missing: 1]
[zero_as_missing: 0]
[feature_pre_filter: 1]
[pre_partition: 0]
[two_round: 0]
[header: 0]
[label_column: ]
[weight_column: ]
[group_column: ]
[ignore_column: ]
[categorical_feature: 5,6,7,8,9,10,11]
[forcedbins_filename: ]
[precise_float_parser: 0]
[objective_seed: 5]
[num_class: 1]
[is_unbalance: 0]
[scale_pos_weight: 1]
[sigmoid: 1]
[boost_from_average: 1]
[reg_sqrt: 0]
[alpha: 0.9]
[fair_c: 1]
[poisson_max_delta_step: 0.7]
[tweedie_variance_power: 1.5]
[lambdarank_truncation_level: 30]
[lambdarank_norm: 1]
[label_gain: ]
[eval_at: ]
[multi_error_top_k: 1]
[auc_mu_weights: ]
[num_machines: 1]
[local_listen_port: 12400]
[time_out: 120]
[machine_list_filename: ]
[machines: ]
[gpu_platform_id: -1]
[gpu_device_id: -1]
[gpu_use_dp: 0]
[num_gpu: 1]

end of parameters

pandas_categorical:[]
